95512
93542
9147
8924
57973
19626
93345
54030
33960
88892
44932
46338
12246
92297
44232
24023
46031
20755
87723
51702
44970
31664
90096
43611
31003
37639
17606
65821
23243
88862
99391
75058
6768
44448
56172
67353
76406
79385
30306
26260
1831
12867
43505
38768
41872
69807
12995
20706
66947
77744
78755
93705
41750
47348
90614
30424
89256
97189
63038
28652
67440
10052
45482
9128
126
15692
7942
97214
45985
41555
36560
17579
87694
81302
87077
53829
57713
74354
25384
79731
1820
87482
34907
59184
72110
80153
37439
51910
14606
35765
24757
3719
36690
66177
38190
94871
51736
45036
98578
55482
22053
37034
38501
16631
52002
85745
6724
35138
76728
5471
74376
55330
85887
41376
34406
23482
57605
28253
45833
79607
46188
2162
31013
55392
64867
14606
54273
37743
20621
19758
93272
11801
45792
22108
62826
4791
50408
61143
41912
34676
43836
65236
30690
68474
71585
72931
50453
21046
69621
91938
30211
70584
63600
93319
99173
46439
38271
34204
86746
73106
31548
555
60387
53393
97961
85697
24898
89036
50890
76405
99417
59410
15514
50565
41722
80042
73414
16569
69433
8366
28252
52796
42290
47280
59107
70770
12867
23104
76627
96516
76588
28817
95991
82404
87061
77748
42612
46057
86495
58910
31950
13709
66148
49646
34286
95499
62050
6589
46560
52116
77317
91250
11446
46594
46212
37448
24575
48873
656
51303
76907
35491
51721
37936
34619
56286
77289
23462
83656
78364
91873
92912
81029
94363
74839
40099
48228
51274
57759
74622
11695
84783
64418
48165
51436
62326
55744
42022
60821
66072
74429
20352
13999
33167
52834
11210
49403
63390
71562
41757
52155
76890
86136
41190
48394
74751
72489
18709
70585
44655
99329
90597
66126
6498
47817
45421
91256
14683
57189
88747
50662
62704
1636
26305
87205
30536
40716
17009
51034
95227
72414
97640
30221
15015
18621
23677
54998
60726
97711
2636
24408
65142
80801
66450
4898
90283
80730
61575
98780
16652
85887
68798
27892
7387
17505
71238
63442
11200
2983
20178
671
34477
33298
42962
16606
94724
72459
79328
25256
9818
22684
39122
59695
67619
44681
28221
4372
2114
56527
28401
55533
67419
51310
53296
64228
16887
5459
94835
81814
99910
50694
50038
73631
53738
43925
53645
69720
17133
13676
94968
80193
87641
32325
35461
78467
25242
24455
74260
61316
4163
26382
1945
16182
65893
7758
37464
79007
23037
77685
85286
60356
18354
95597
33057
3461
96816
49694
40408
19569
21457
35291
38922
58318
6046
87536
68933
86806
14608
5648
46670
25001
68151
44044
87047
87473
41918
93615
99425
76192
77904
68125
66957
96378
88740
44873
5395
97529
38843
75905
71377
61149
75626
31403
55331
63753
25674
43750
84546
39772
25758
91389
92659
29597
78324
7495
82059
6344
43800
2053
92126
84344
2827
93629
26418
41266
67092
87631
24526
52114
23364
13541
32951
33199
44306
15056
57186
61935
7914
14046
98048
87592
16036
81794
59343
87983
59273
28089
59574
35724
27574
85305
77415
93501
47314
96978
31888
49471
16887
37309
64697
1390
24105
94653
77255
11441
41822
53594
53965
66123
49086
70746
18790
26577
3011
57969
33051
65369
7798
93451
47648
92598
62369
54402
30922
92569
60646
64833
79707
67338
66051
27583
46523
18903
49211
19942
90118
26576
1255
78560
80903
13327
53884
60017
63018
50807
90902
31565
33812
57470
26327
30912
82383
51639
26407
87635
87119
4197
48278
54117
25368
27502
8931
3725
56595
34167
18366
11361
59262
37811
58927
67173
8135
76633
90417
85688
95687
34443
96400
10693
18572
48906
79239
16582
97850
6097
52722
97007
67902
2060
27732
95096
96169
38638
51662
7415
65230
63684
27333
48121
29306
70511
7742
70750
40995
23465
78428
29070
27911
40338
57846
59197
67539
55155
19232
69312
17211
6028
90745
81399
83028
38780
11954
26250
4271
86237
31065
81459
69274
89204
41970
7640
60366
85742
82329
80120
57366
48323
58505
10207
60902
10442
41188
74626
19589
29061
92182
51295
74704
78052
69237
17933
2643
9659
24514
10215
59495
40236
85069
36103
4777
20761
23292
73328
12318
37447
86355
9576
81902
20574
30691
42808
70408
92769
54356
59838
28807
94107
97758
76052
22877
54839
68868
76598
20518
59486
92871
84568
55651
64915
73655
60600
21421
50519
58435
70971
76551
21403
44596
66737
89724
49448
83538
67909
27378
95481
46210
66232
1756
52344
28378
16387
42585
65388
78946
51005
44401
23971
64542
32762
76062
83483
95755
9809
28572
70679
86513
79818
23310
2204
32282
75434
32103
60463
28872
19630
8446
63337
6119
69105
45654
6661
88922
51804
70281
16248
9566
8284
56448
61961
53281
51986
88736
35473
2946
2919
7227
68858
65631
48685
28734
53647
57409
16713
58933
7287
70776
14101
87847
77579
94900
22942
74361
18520
61747
54521
43755
77772
6652
98260
25301
17561
82567
5404
82069
55772
92734
84160
44412
12074
46854
72069
25118
59287
43204
61861
41928
31037
17330
30269
92413
8614
95780
52177
99742
77295
39892
30213
71861
82529
31025
29271
2082
43474
76772
98440
69381
1340
44462
80729
41511
82949
92841
24478
41309
79153
19762
84579
68362
48685
64895
97614
92580
76745
80317
76754
52951
45026
43092
29895
47891
57742
11427
88280
5426
64566
12512
68132
57421
30050
27769
44513
14595
95321
68022
15432
48124
8179
41410
93735
1505
74219
48752
47056
91754
97790
39380
88629
56953
19236
85980
39738
96046
4686
85470
79114
72982
2195
21325
14084
68915
20634
13601
82514
5559
9309
79792
21214
62744
94948
37304
30583
46437
66889
27323
73889
63813
34685
15358
1681
52084
48948
92273
50031
54881
68456
60081
54148
95013
69562
81969
5750
53053
32869
86499
95053
53440
36523
79896
23129
761
96891
14650
80754
22332
25539
63961
15796
1198
17903
35598
91546
43151
26828
44153
99101
64815
61837
47253
59131
98623
92422
88862
53538
49696
14648
76658
17289
56852
21776
61640
27781
58935
84222
27025
34623
40404
75365
71564
16039
57851
30513
86358
4530
30389
91597
46452
88232
74011
3766
99949
83134
80145
32578
97490
52348
95909
8414
81496
14884
68109
17143
15826
93636
2863
49048
41873
70316
62175
96080
68447
70675
43840
32065
85702
41069
23069
74033
70754
98825
30232
69668
79377
26340
71266
87779
42267
62920
70109
94621
81209
10707
84200
17401
69389
39613
79711
62132
12854
6149
53881
1264
55546
81124
53840
34661
51460
76394
6951
54486
4190
14490
77413
60991
39827
19158
95206
43082
38971
23234
36630
36041
3945
78888
23620
86500
95879
90516
91107
67567
39003
20192
39726
83946
55975
65414
46368
89818
5909
88494
4913
67130
57603
70451
58668
54893
31044
53166
31523
89356
50416
49330
88482
84720
35489
79816
76619
48873
16156
53235
58399
28019
60721
78176
48455
23956
40691
52155
13507
89609
44702
52549
30190
47264
97849
52114
5195
34008
93134
17153
64240
29433
93024
67987
99202
83008
38462
68313
82894
27115
1443
72792
52228
68801
30319
96829
52228
61130
50284
34336
67700
81694
84808
76981
95443
89032
60952
4385
96987
85595
91235
63489
84980
30688
38726
62332
2327
368
24314
56434
56220
533
93626
54882
70823
57912
66080
29072
46820
67648
81895
44435
69280
41178
53537
71446
42951
59594
38676
61770
82358
2976
51176
24703
23380
6393
49794
50779
52261
99581
10648
84436
97599
24911
6623
93452
76230
33796
51620
54467
86468
95430
62807
15085
85647
89427
12358
46601
86378
420
11595
47781
60627
66628
71610
43006
1972
61950
32294
15270
5168
30131
95402
77582
53492
83002
2738
76111
42683
7058
43194
69782
8491
39940
280
50075
82013
59247
66516
86592
79299
27926
72094
34381
14785
39308
57079
12614
40959
38688
71340
142
91011
13394
93688
73932
72329
55161
38259
36285
88148
92207
40092
15923
5153
18939
74788
59272
23243
65067
58473
70495
38908
7927
16250
74770
63032
42281
73173
97291
92028
29209
48461
80400
79318
82731
14616
65805
96652
93555
55416
51824
23986
76276
96473
67632
39782
35347
6396
18256
7444
82166
60730
19545
46195
91416
23569
4133
99385
39606
14244
83746
56914
1134
43691
32394
92818
41117
77588
8111
77636
8039
42123
99720
41709
70983
36091
69064
92636
24597
63055
23511
6706
18714
20805
52003
96792
23705
80383
19192
83265
1024
31002
45617
32962
40181
36674
19811
25447
79452
10638
87815
96356
87580
70516
50795
21786
67360
96743
32282
37409
15185
70861
62899
775
2931
26068
99410
10016
37138
24911
61456
79476
39792
72203
3237
7118
47205
89437
28807
9949
46382
914
87308
80753
67169
6912
87115
33626
22454
44519
846
84598
77501
13698
33098
73226
34648
52503
39080
31302
33564
43787
34128
7259
58878
81043
49605
26896
54078
7524
69257
5021
37119
83572
14841
74049
61888
51575
70401
38607
84298
58282
34525
59817
50900
13096
8029
89729
16670
32935
88588
71400
90364
50017
24127
90740
64124
22444
84432
88219
13557
44820
88420
86440
82448
94615
85130
80482
49293
49984
98842
65636
43176
35876
4723
8498
88674
5990
83312
25904
51845
14683
46415
1122
30573
99899
54239
7565
12353
97729
95172
56355
50274
39387
81016
52644
54273
64109
95234
88416
11832
69543
10959
42582
67982
38071
81284
77541
95303
25573
96284
41561
64293
86042
35777
29279
76594
15861
95634
11237
46433
26565
66235
66365
65048
65280
14789
20578
15458
23570
3528
68588
61439
37115
4069
18465
48122
98048
2945
99320
2621
53921
76188
39855
67861
57309
50425
59861
25835
89474
5483
73004
26668
13921
14719
41898
51699
96409
4572
50542
87878
82081
5266
36598
40219
46912
49029
82101
23869
51700
56297
15338
57079
96408
72150
32104
38069
79522
30937
12552
62677
62293
63371
26071
33326
5180
34223
20640
90549
86886
13146
76104
46068
40804
1775
85384
11725
50490
3811
65475
7697
38268
88080
73214
52933
32079
57837
58704
78476
77210
86282
73470
54939
81771
45904
69101
28968
34193
34058
13911
7819
29949
8014
85024
65182
99602
92975
99505
60563
27029
70680
99271
46565
5655
22790
21736
82670
78195
25371
7665
30720
97190
77466
45454
99948
14593
5399
59698
88724
48985
50456
28309
62614
89548
53627
38629
18985
72502
68552
93147
19293
22285
31541
21494
85450
66392
32372
79417
14168
20189
57522
70932
16473
64537
24151
10128
30784
27430
66813
49792
63791
135
16796
13476
64257
61652
14583
80693
33004
63720
39676
35723
93763
5366
89981
57629
77857
49233
54843
15063
84585
63258
12529
48872
34819
14610
90760
23540
57231
37046
27129
24387
69936
15191
14037
28722
36040
96446
40653
29038
34449
48712
6823
1957
81048
38761
79745
68351
57759
6223
2406
45441
71345
82529
87765
68192
41401
24880
5251
93577
55723
28439
89039
35524
84129
31400
25817
33878
96921
5877
45367
21191
11914
85964
78280
58545
58184
83712
93586
96185
87525
58322
7016
72943
35885
77487
18461
13945
36350
12229
75683
45285
91459
76282
71826
83127
2282
72792
40305
27145
54646
54267
96126
31903
14375
91426
28284
85821
72986
61751
8865
57719
53974
37940
11420
8195
50456
12383
45964
39443
67700
70801
45102
91442
1997
42806
46416
40840
90632
4659
85294
93873
63124
76473
79532
83640
74793
30910
40362
5165
43418
69245
42921
55449
40976
17424
98730
89105
76780
13659
79088
89624
23216
49761
35023
3980
5923
3587
10153
90576
82384
81079
724
22770
58264
77644
43873
55455
47711
13393
54392
97951
69668
1468
12883
99958
40490
89986
26612
63609
41229
74189
94944
12322
97078
34316
27062
16624
52968
50202
71179
92543
37135
35197
86192
94244
71580
60314
67190
92503
50969
28362
93552
53207
67406
49121
47245
18374
78045
20960
62924
86590
73919
54703
48242
76462
74686
16585
55958
2582
84008
58616
80169
99548
12529
42112
39662
63024
82519
41817
84948
80111
55043
20643
25596
65977
95181
9132
40776
21708
23392
16813
70000
22155
40837
46816
65115
63366
83883
2848
38833
78151
4717
47073
85865
49823
67341
61188
20411
25144
63171
71055
53289
55265
9572
89815
48867
23840
50398
25541
6273
76479
21927
64269
41171
91857
17645
11368
20142
10737
80899
10197
1567
28076
1615
82678
37838
77906
61939
85782
38410
12471
22926
70382
15330
51620
8061
28375
51864
65614
84147
19191
30138
36665
43649
2563
15921
75085
11756
78266
90066
18887
39423
51151
88473
14350
5223
5104
83528
17124
32379
80326
64386
69199
70532
56260
81211
12164
92841
62272
37202
65804
89522
63409
9284
56696
4325
51251
65247
50090
10250
80741
57681
15250
62508
45047
37953
13509
75633
86021
8579
31647
37744
6976
86271
75707
12880
92358
31705
32329
2649
73473
40648
83210
26116
94828
4180
7476
73637
73295
24165
5209
630
66805
40833
70791
43579
17450
65221
38731
27122
69250
49319
32897
87519
66039
17849
10056
29751
60572
57928
18633
56260
17032
85480
74343
71163
19382
85001
3036
53111
40894
16624
16674
5118
53156
2013
17318
3687
19376
99430
28435
23827
16677
77235
24673
57312
53098
52436
37414
48362
8886
23576
72994
6640
27998
33989
18096
83252
82783
18974
11300
15323
53175
5020
30400
71080
60390
61613
16955
45267
29981
27246
41680
86367
98685
14040
98207
32687
24002
1047
83743
27943
13236
19877
72174
60564
56942
49033
36970
58138
83212
69248
81495
93498
84772
94209
20241
73399
30079
58507
50429
61301
23177
54205
13512
77129
9942
80533
95622
39889
49291
56080
98003
40593
80043
50238
29769
3701
81203
54525
81617
98913
75374
49712
11331
90742
35596
38621
92929
38022
23368
75841
17666
41604
614
74378
70208
7514
62130
7280
80041
63712
68401
42093
48783
80220
20146
21124
38308
44264
61451
73197
14728
37949
60990
95413
9465
53085
80974
73399
45936
12386
60537
20239
73180
58399
35649
48376
15670
51184
7918
8659
70537
67596
11390
45173
89292
1067
25978
65714
34796
93130
63982
11439
35524
39912
66955
57080
24334
56712
74927
47850
23711
48876
9235
90364
53857
51558
58441
51058
85910
40288
65250
12368
24888
93910
90793
95535
30177
19175
19197
21232
43232
52925
56763
69486
21731
65289
44497
66179
72768
23873
49422
78099
96537
31548
43332
16593
6240
62063
17172
82568
40476
60212
53097
5124
74103
41797
55914
57770
94393
31165
53184
44536
41332
9076
6367
69095
56175
73147
78811
23020
95821
70272
92801
57771
46949
38231
22826
19956
14115
47414
87093
2226
57039
96981
71502
25996
57686
98912
56171
36726
1762
999
55633
53344
71110
24928
52930
35324
20113
68612
11542
58642
42555
79001
65106
56410
84150
32919
15180
86908
16348
19773
75982
3594
42173
15135
96330
44212
78968
26197
75282
51966
65210
55796
96602
44173
86804
27835
49393
36805
71332
70687
9401
5988
45076
33233
90526
99650
57910
2512
56955
50876
26890
48025
28319
33305
65173
63552
19108
16839
37768
81223
70907
48215
73485
41147
28496
30072
36428
18660
23583
25459
18789
61960
39674
41227
46215
53091
13991
5403
65223
68612
37979
62463
57848
17557
81435
71532
8097
95133
59255
17284
17662
35311
61182
99702
27343
15056
69527
78201
58276
48538
5859
16734
39384
27467
52691
45928
92597
62635
28778
39595
54733
87899
81330
39315
3390
44913
46749
24924
763
99540
7556
51163
40944
16929
52140
73920
14761
51367
63079
60552
62706
77291
20797
84033
1821
78146
61853
74293
33624
52076
39911
245
82887
15136
78130
50467
1725
84508
91634
52467
64710
43315
82044
4735
62647
39978
66257
40073
66782
48611
39623
35554
53079
93102
48846
8491
84046
39304
5004
90702
6000
83044
12818
77807
40543
93595
91291
29633
4618
40540
49395
81952
64385
43438
73456
22698
94745
32847
131
80423
21887
51130
92696
42028
73006
18672
19408
37142
33504
34846
63176
80668
90952
98904
36906
44220
1528
32020
81008
29830
27617
47180
38112
14416
52972
70173
39013
87015
27638
86450
12229
62199
55976
47649
19872
68105
13956
3822
77786
64429
55035
49551
8593
11813
10209
98350
40643
39486
58529
5096
62784
89334
50416
94734
49211
31762
52442
92448
89853
44928
48989
22010
57413
62806
61648
90404
44233
38769
71812
29502
18594
30471
12537
7575
54657
87759
97768
19988
9274
8355
82240
95782
99185
690
51978
59695
29966
95196
50578
37098
6914
79368
8926
51382
94271
30831
66879
24872
80282
83522
81828
95091
27704
64073
35353
54918
31913
2101
24014
49046
49477
95388
13926
42855
19112
87284
4342
26956
76061
82390
924
40160
78535
95181
75991
28567
58972
31277
54707
29537
81292
52008
78875
12659
50622
55100
340
61262
26003
73731
98352
62795
536
59878
29442
91764
85422
68569
8171
83362
10474
66734
14076
45693
51171
37485
89528
10486
1008
67346
79088
13771
25270
67989
74638
52050
8685
70220
42051
93804
78863
91518
71639
33275
22949
5406
88696
90741
73437
48287
72986
9479
5986
77643
93666
50670
46255
6643
76094
96373
67653
50538
77695
19196
69280
97625
11406
95648
61832
36366
94744
75257
97837
62438
49142
39987
70146
81106
9514
47600
67271
42150
2248
82192
80353
90052
33952
11447
64190
27239
61199
48165
39036
26882
75806
92516
48979
83090
75980
62661
85665
45899
66753
86787
78286
26804
98977
51453
31928
41411
20941
79789
49037
90055
51843
79632
85592
67355
49643
55361
11218
70944
14985
34460
11187
43301
63384
37523
95904
54090
21349
18260
42392
4976
56348
99409
72206
11759
91152
55672
42086
7659
72294
2699
79196
56123
56576
29404
57878
30219
18049
60694
96055
99559
10820
85006
11648
60842
43060
65130
26108
38530
16200
28122
56752
83818
4534
56511
54894
81293
46924
42723
84758
40411
68848
24176
73287
62966
54141
10171
55231
27634
22041
73391
6530
84391
66789
966
58855
95834
95260
44475
74262
17523
18495
91076
68184
33092
56675
11463
99330
92191
76906
53152
41100
83121
51007
39149
34744
52077
41073
15747
1112
86190
24619
37354
29737
6292
20433
61992
12705
83218
83958
68619
95158
43152
39609
20461
25532
52223
23058
82117
34827
74930
15781
3327
86084
88699
55547
43347
35435
53887
88686
7488
33317
5159
9642
10720
60928
74542
67890
72687
50825
25797
98700
68732
19191
27307
7011
53745
43346
52427
86917
5455
47348
41235
78004
67620
52844
56921
76102
96530
20022
61023
29604
27219
48750
16960
98213
77491
93055
67291
25112
23839
2035
32271
56654
12333
47881
2405
51976
40889
13870
28473
74372
47400
97185
74572
78557
59528
9237
49689
69777
46315
58325
20672
50175
4572
65455
31173
92125
95554
92602
23692
7745
28665
95939
64631
32493
63824
2479
12778
49554
62835
98839
31513
91850
76264
22579
94179
98772
62315
93698
88516
13863
97914
82251
63325
83062
84057
68366
85378
95022
30564
26724
93110
89935
51398
30542
77556
97472
98700
70184
74725
65531
1176
96535
92464
66574
96080
54830
93122
91865
68924
48297
70678
85568
56388
59257
71563
20341
31311
29696
46494
44569
25182
40404
83814
95574
11070
62610
54684
5465
4088
49316
85982
17678
93453
87825
55053
1533
11812
22990
90547
4499
94410
71325
66869
29110
33009
71330
24668
86920
60677
59893
84605
77602
83661
45969
4181
86185
66928
69741
94681
82870
79588
89617
17621
61245
45023
30810
80150
14177
18573
65619
17539
6287
49754
87094
82551
3764
67131
14954
79364
6328
80037
25191
77093
32739
32878
29561
36431
17646
92493
93768
61048
88756
98234
36111
80342
63531
51255
35321
1946
50373
67493
67832
10335
88031
35450
30287
54613
99292
40274
97420
55820
5323
9791
28068
50899
49813
8080
38562
8277
51857
80980
5186
69469
59027
23662
51639
31950
15546
10579
64067
89267
41905
6893
83059
68036
10016
91719
78188
88669
17222
28144
95418
21222
19227
30799
61695
3339
72636
46760
18942
87578
43124
64728
89245
89357
39745
4271
23447
90182
97421
92220
7991
41588
80124
83704
11355
66890
81790
3273
5340
4376
90828
59430
73162
19756
8264
26875
59551
30004
9935
27492
32258
69678
12789
14934
56559
29670
10257
22889
89380
29432
9856
7586
71807
72171
26256
29584
98505
10380
16208
97207
52509
12083
47109
73124
23245
23545
22772
88686
94536
50284
60704
34988
42219
41739
52627
29748
32814
36846
99812
98461
53515
36520
36539
98783
37238
62600
98359
572
82836
92660
91934
80662
88033
26573
77880
47524
54777
25903
29144
66016
41329
68812
48625
44256
89714
28221
88442
32245
58510
35653
35227
64797
9755
924
47309
53620
97629
50621
32329
2005
46298
35129
41825
97851
90523
53555
29179
632
59651
14010
11075
54039
55092
19374
74439
57468
69188
94297
17446
75725
19955
93251
21069
95536
25579
36608
14911
42487
73089
99672
21908
3676
40243
38509
47247
16873
31423
55734
38474
80452
30256
18407
95169
43416
86653
3650
88226
94456
25153
29671
47912
51716
81706
51097
83418
73052
39020
49440
4496
4826
72133
22629
95817
17951
97557
47321
91334
65857
76279
18603
2159
9933
5668
24309
29747
67530
93220
34229
73449
48399
53029
71736
74918
14259
13289
34786
85990
96181
75588
59477
31271
10501
31832
84812
28998
75014
77594
62742
7582
79680
80979
96690
16785
37901
22091
37095
719
81850
88976
62363
60579
80601
13184
37714
1218
87043
50339
31114
33763
31232
85306
31347
91744
97801
23612
94347
62215
85641
33229
91772
1762
15651
63684
19193
24858
74063
46632
5082
14795
32451
97774
64083
52917
43442
67837
37174
36105
88286
54067
80124
51434
37344
79312
89009
77574
37462
11354
90134
82635
81684
65135
56224
43590
9034
63626
40801
48852
33885
54804
82308
78153
89582
62057
20238
78358
95347
13848
12062
45442
47260
14861
85931
66461
47566
80125
38475
48146
24330
42688
75651
43277
92639
37043
68904
96667
45220
36575
36719
76872
35237
62428
19631
68028
77450
64663
80805
67701
83048
42666
63330
51417
71964
42324
40776
73859
52405
56699
57355
79903
36523
11626
77829
57716
97524
9391
94748
38990
69761
82865
65249
66028
11207
35547
52649
75371
85839
71893
60602
63810
59415
50089
37410
60149
72152
41845
81624
10448
37791
77113
30547
80164
66740
17051
90962
6939
36981
66374
5079
39736
4793
91185
3112
49087
58477
62656
35227
53863
56779
13911
88148
90057
80512
26725
18387
39022
22336
14730
62213
73148
65623
35439
97123
95768
95026
59293
7189
63416
50682
98786
78100
87126
64472
54505
37796
10409
27747
94506
38076
43095
74466
27687
71665
47119
94814
45966
63209
83871
54433
97020
1702
36922
70702
88765
93256
77679
69151
58772
94264
74342
5541
21809
78004
28495
91937
40495
69044
18598
67699
21792
28341
38279
95099
41922
70969
10289
73927
15754
64063
13617
90906
11752
82585
21016
77075
50021
71291
575
78026
56777
54653
32444
53792
10469
3707
57546
41108
65101
58559
96942
16708
66512
15447
23235
41318
52448
87478
23496
83349
27262
82533
38895
67214
5967
75001
92849
32107
74653
33354
98296
96119
52336
48089
85562
1538
25664
37268
31277
13731
81839
6081
12678
2551
50299
10314
49735
95115
22792
71428
59909
83914
58433
94005
64855
23767
74766
67970
65000
31443
12799
33220
9698
25734
99909
95251
57538
58272
49308
34507
2912
83938
18763
61301
54096
12065
98982
19502
53050
61191
45756
36054
74363
59420
69584
54794
3170
72877
35263
73315
59407
96267
89296
36915
84222
61592
4174
18236
13542
49030
53786
14775
29956
56681
39405
64489
74364
17084
52668
21411
86126
81159
2558
96797
26982
72445
52186
89914
11689
68539
47647
1267
72192
89190
52331
21105
4488
21247
93112
41372
35578
81091
71612
63309
2343
78615
84051
13514
68641
3533
45599
7968
77274
60013
49324
52707
26386
48347
33652
23326
69601
5497
31561
33289
11279
41294
96378
67508
24192
33773
88507
47886
27474
24376
31251
70647
93765
40429
17856
50287
94931
20107
9298
93847
97682
35255
26912
5235
15654
45951
74854
28976
79462
69712
42000
67562
85860
58167
93630
973
33754
72140
52530
58185
87071
7317
67032
63677
64218
29837
52761
86830
51984
14704
76890
81177
2170
27900
98186
81271
64075
5912
61771
79861
97925
70900
28625
24117
57126
22508
61686
35645
87451
17620
38962
58421
50238
88473
15072
39193
15321
69221
37472
28185
42269
79081
62894
17430
78936
26636
39855
4623
78570
19774
95518
35698
32939
43426
72649
65063
77028
7396
34027
98353
14578
66674
96118
21552
31635
44670
98467
52319
92513
53620
97370
91750
96032
80431
63336
89973
18155
34901
99925
10575
93047
63872
19024
56048
36828
55004
71086
96174
30555
90117
16598
54577
16814
60379
72227
73006
91263
21990
80672
35465
65789
77497
826
34933
91570
70648
30300
49780
48042
80875
38696
98872
70422
47435
49656
83673
10199
70867
25777
3649
20807
68347
65077
17713
54843
76842
78388
4859
81681
59851
30736
306
78408
43238
33221
37232
58421
34365
25568
33158
11153
40263
72316
44102
62810
66593
32468
90027
61192
76908
16219
49700
15352
37251
11221
42952
79192
23203
41998
34550
69101
47532
82111
43783
22412
56602
69309
66622
12423
88656
7961
33794
18548
61635
84758
3788
50747
89089
69736
70955
44119
13281
24210
12030
10105
79564
20833
95635
87109
41164
19629
42090
44159
64630
23755
61877
40835
97798
74201
29784
72750
41121
16399
81870
77619
73854
42819
5329
45896
70789
5666
84281
83586
59483
34013
81569
56614
41082
16597
14872
31834
31799
64747
29947
16685
51139
56231
66247
42119
95800
73851
30265
31156
24270
21432
34834
3788
3159
68086
62009
22068
50255
95883
79684
56474
5725
64091
4329
83492
96156
72211
94686
34153
45970
87346
53480
25279
56314
17022
66055
6330
91449
46593
64118
72587
94591
31765
87623
78227
70291
6676
56208
43931
61945
22446
32753
7184
83306
36120
31127
96953
88776
27338
1134
96010
4348
15620
90089
60924
72707
10321
54518
54316
51969
84076
66837
57701
88551
60511
17425
43160
84987
66638
73838
91842
18160
82308
68458
13406
37112
91397
80596
88030
81846
66138
98509
89230
21173
95321
32237
11324
12482
68484
40570
9751
88313
2754
18889
14772
11591
71047
33784
39806
43731
66533
7658
74998
82161
79279
82257
63519
81648
44253
14842
94133
21569
42294
19796
65201
53738
94427
76152
21761
30229
8721
8473
46080
98623
4491
74107
22795
89536
9428
62624
15154
25957
87959
44819
72834
80864
37165
88095
77262
13824
71884
38635
18424
92211
78827
15217
89879
52715
22497
88932
32014
94036
92709
65356
80149
83998
14026
73297
8970
5531
23138
3394
11935
72091
70289
20583
82717
71202
63576
24956
22863
79349
94365
3825
10888
63278
286
56712
82718
23317
4884
66704
51681
25728
22094
1954
75875
33205
88848
8390
41540
95402
87894
52994
77451
27067
22076
18371
65066
53863
55093
42060
90400
3860
92700
47345
89311
65581
78310
33329
53325
36491
27258
51501
89920
15469
51594
24275
31586
33914
9321
63922
87338
76305
85633
49932
55107
56340
52888
68410
12777
31826
7127
17661
61561
35196
12019
84286
9543
25001
37403
76895
72873
97946
74528
87507
65425
80181
95393
98202
88950
93755
53096
89818
90349
85016
41437
45240
89500
18092
255
44247
88844
59903
98460
48169
38254
99015
72476
85795
566
53469
69887
49840
43200
10589
1957
53029
20120
86980
12344
37415
33621
40462
58260
46635
84930
47780
32396
65602
6244
58131
62855
81460
41402
6899
21746
19623
788
26994
15555
88489
30226
3678
17885
82301
1959
45905
3727
43120
93993
60790
11309
24637
23298
3115
32043
50331
54396
23087
92222
22755
58754
21486
83214
85005
90812
26491
96082
42510
39652
3923
61363
78910
22620
9352
50315
74866
44891
37940
16381
58206
66699
48544
48820
17713
94122
40380
14895
85330
97001
1094
59993
33384
61043
64810
81993
11431
11220
55516
97903
28819
81272
50426
53795
74247
4606
4407
30969
13255
82071
56800
72644
26966
60858
79116
91998
27627
90154
68074
83681
67089
67076
12394
28464
2229
82470
53873
76093
92542
9265
67701
81428
40147
53373
96763
18245
70463
56410
28032
658
16603
12136
82820
10873
99115
43529
53545
5721
50345
67745
3427
18090
14590
9603
75629
18785
40802
72081
21790
80240
53515
74664
10510
79409
54034
11637
68032
70638
14866
15757
63466
87942
82385
55831
64572
30005
96833
61277
55985
75358
43510
75097
89682
17634
30250
72509
46298
58558
45704
11175
73790
89231
39858
62730
77568
97927
60241
24067
29726
78963
93269
6920
60286
42068
972
54263
57684
80294
25575
33949
74263
43970
24912
31550
90767
20214
10038
50147
39130
68334
32609
54177
50776
52888
52787
96529
17497
56163
83670
44423
49729
63638
75536
58366
67946
10172
62354
31994
98152
82210
99986
62699
15142
77378
98735
13734
82573
33502
63987
15764
58343
87661
26573
3975
34852
78947
42598
87665
98367
77086
53058
43967
60131
1069
67793
48278
92218
26312
7440
74370
25995
26553
44785
70302
73117
20158
30329
6761
2780
37288
46389
88712
92860
27497
44483
43973
7302
49655
87426
18386
62170
47970
40060
41926
62314
14242
12521
77166
10837
80094
66719
14361
67331
70888
71154
4605
18381
21567
62625
81789
55063
66938
46684
72758
73237
93884
74192
48933
90960
55222
39875
57065
45185
42558
84872
84026
25823
58254
92112
67634
41840
34437
37430
98015
63974
16389
74179
10585
41394
50452
91590
10660
63592
62330
8359
70917
13082
11497
77226
50903
10156
24826
65984
39571
54878
52064
67594
32914
59968
51938
8597
56084
64113
84578
14710
78371
19988
76694
5049
52519
34337
52689
71992
98067
68462
51414
56981
65425
52961
16914
89245
70833
39949
32575
24911
4715
39675
14728
7921
85354
8891
91682
31301
13785
59261
55892
21223
42422
95445
75944
62598
64365
88900
26488
79434
10124
79620
50606
20631
95735
82745
35740
22904
17570
39002
19912
71545
27201
24534
24492
42142
68171
64230
95717
14187
80429
66492
65005
38951
4898
80291
19153
33173
45067
50575
69278
5146
27655
98817
17323
7366
14553
47873
71036
74567
29671
8156
76253
61068
53968
55521
27194
41476
7532
89315
36144
91044
39160
73120
92747
15848
67471
16311
96023
21633
82869
59644
42309
71524
83105
62647
22200
17093
63593
48522
90521
8592
31753
78097
65017
56500
2054
38599
72049
54773
63987
83556
55051
69910
81407
37124
78086
76121
77794
6517
59891
84898
48666
43487
67457
15366
2713
9000
84971
73623
48185
89218
83276
77577
88397
66238
67877
57970
77314
8376
5664
52375
35422
27137
12453
17146
97253
82730
57799
3836
75822
33157
74612
12495
64243
36941
51663
9816
89342
56415
146
48452
51529
14096
77724
97040
76280
84840
20304
41860
65837
43447
73591
50766
90620
28135
49043
88842
73525
89555
17809
84027
56970
47822
21593
7274
1183
38752
72889
2706
12781
21068
76106
45740
93203
40533
34524
96512
68171
94660
98338
69032
38612
10883
4432
53839
84938
79904
25208
63042
44688
5388
28321
31223
66107
96202
44734
75906
74428
67202
77889
78808
6499
88570
16779
55896
7315
40320
35774
87354
36126
28129
75626
27871
93682
38064
41274
89402
37722
56135
24814
14312
77595
18670
3995
16120
67650
38669
5654
39406
40160
67692
86173
10178
27304
74546
40656
82671
87916
42671
41072
67823
46323
23502
90101
85344
61660
2984
24288
60330
54075
37261
64440
54442
17837
71725
90919
64602
99843
89845
25419
10004
71472
35896
29505
80685
11084
19620
1350
88660
41993
69420
13111
53337
53088
16975
93804
16378
38360
73526
47047
5694
30710
12872
82049
21475
33438
15595
2793
81860
5209
35202
93638
66316
3883
28626
64104
26166
45920
90721
35535
7369
94336
7214
7111
20115
36209
72720
81446
24457
7739
87908
63485
65757
73137
75332
33207
18628
59317
7372
26851
73918
34454
36499
34088
79728
25502
67770
61606
23574
62160
93168
570
73051
21493
3850
21439
54583
38385
65182
40381
80566
71924
99147
49697
35443
70628
71147
72884
59365
2481
32988
27109
18022
1400
5133
76734
17807
94425
53366
78748
94618
10693
22032
92634
19967
56550
56637
65726
35858
5288
82970
85630
81854
61156
78174
19138
13210
29715
99886
26041
63291
80095
843
7500
9107
82388
76415
59570
20224
84334
35655
55915
8141
61030
25069
74307
6461
91812
31245
30655
67296
16068
6444
76657
8832
36414
99318
94601
52796
27402
10315
76427
83717
71143
29520
36786
21853
44986
96287
95009
35007
14302
12399
83401
29949
95696
85385
21972
38699
69329
66061
97666
44394
91608
86865
82436
69367
68446
31260
67440
44631
11574
23570
35091
62281
56093
3768
89967
50037
28427
58288
55754
6972
88294
17410
34078
72912
76762
36056
45466
9341
59756
75066
36302
76971
51610
21987
25613
49845
67190
46855
90771
71481
11772
23107
96708
96671
28117
48086
21918
23355
14305
39108
34665
53551
19310
35570
20560
21151
98777
22079
31984
14973
11589
50166
25624
54654
51761
18527
5854
80698
43535
98256
83771
982
88994
57628
58321
12059
83470
67075
46455
1465
23376
78873
95642
80109
76532
23369
538
10619
2686
9829
81654
8734
85558
36119
23494
1315
41626
2497
90265
31462
58699
2153
69454
7679
48984
61529
98879
99106
69626
25382
24035
60634
82262
45358
4986
50188
33556
1884
36974
31069
6394
14434
58724
42742
27937
36852
95146
76221
79941
50537
77482
12029
23758
33667
73689
96261
13052
29623
56622
68724
41922
3849
15413
63447
92354
74448
42548
45416
97154
84631
23579
47069
20104
96157
76781
18571
99646
60468
50060
67775
44314
54221
61128
90056
90998
96683
35068
43398
45179
97024
81572
59037
66265
12841
60888
89701
10480
74977
83611
14490
58268
24796
13853
82992
78751
16757
92518
54435
24019
41431
82177
28593
38801
66531
35738
89025
32740
78849
47920
883
91164
16631
16302
39044
98380
39217
82098
42526
63414
77371
99137
36850
73274
34706
58099
66616
91504
43231
20450
18488
5604
78340
95146
70193
22697
60700
52535
90326
33269
3013
56517
49711
78441
93148
8126
12035
58320
6199
36790
88612
61275
90915
56408
63672
72141
14195
65905
49742
31093
5664
93909
3343
10000
56230
48357
77434
4996
90044
55657
63408
67604
59194
51971
58172
72030
71332
10992
34365
74681
76903
39832
83636
4813
26752
43601
70780
34219
61224
12815
14109
46208
60830
16639
69004
41825
45957
81532
49424
65338
29031
47522
8994
99542
98353
82815
95698
95849
24835
22597
79736
1894
50939
3607
54437
97047
94867
49050
60074
99759
62506
30556
46224
19334
39637
4691
86438
8073
72194
63596
15688
50532
63007
82790
18249
80262
17797
74029
29341
22693
62307
30778
98667
56358
39963
10879
35277
92969
88846
71219
36824
45444
37956
84883
6182
97328
25639
9543
90215
91299
79709
99753
79042
6173
68391
349
41123
3598
89893
21160
42871
8352
39643
96746
55556
8934
98675
9556
8864
17384
16981
70963
55144
96661
26204
64214
82090
46054
41177
58335
48160
65406
90119
17543
10627
39683
32141
12684
47450
37801
31313
24302
83690
72230
90955
9201
55586
1253
63722
72717
70778
39771
3653
46663
2776
16087
86055
88678
79155
69337
65154
77085
98393
9466
25652
33186
86312
71991
69920
42001
84649
99327
13474
84576
65577
72072
36792
80435
15874
45024
60038
91090
44814
12675
10218
68570
25049
83205
25918
54041
87109
19796
91197
20042
79970
84608
90601
74063
85616
34850
33922
12875
76559
84500
88762
59846
87109
31441
91948
3253
43411
86260
96906
16050
14320
13558
19472
55881
19909
63788
71423
75620
75132
38728
5707
98168
16988
45419
60583
71375
29211
917
74582
33976
16664
15744
58470
59070
96745
18837
44322
93799
46883
85382
50144
66449
40394
79940
80660
14645
2516
17483
32581
95282
29205
52218
91265
99437
89959
17757
10650
40261
37553
24260
6112
24190
80056
1857
8675
19257
25459
89399
39136
96781
60129
63089
72639
71912
4210
3881
14329
20421
59345
51644
94137
13013
32066
90652
73437
90074
58063
99700
25422
3261
76431
34131
70078
36728
95459
85504
69002
33648
1900
75870
98734
61933
39551
90486
58740
93502
79144
73566
2879
97065
61367
57207
50864
23991
80569
55671
35283
93326
9617
23223
30518
48335
56277
89013
63444
17831
38389
14747
41691
37230
72318
2705
3533
56743
79450
78793
96747
64156
86941
49845
33498
67658
14599
47362
4010
28902
53714
50135
4075
91449
96698
61883
25896
34647
26343
93757
84644
41549
16495
22119
5539
14400
38495
5689
79738
25158
25399
40382
52301
82960
85968
536
45394
24784
93845
24810
89507
52815
67096
64232
95579
19410
69241
19312
87909
87302
79749
97858
13057
16978
17730
81913
18513
42247
17012
4191
10905
99600
1174
61685
59562
76707
1992
50110
33460
84373
12468
95666
56758
10043
38796
99136
66902
91787
33638
64081
43132
74289
84577
79877
82065
94212
35640
3524
43802
79186
88114
62803
25109
11565
93893
39467
35546
12013
35846
6754
46755
28474
30186
91894
13027
62559
9574
279
90101
70271
91493
45790
61111
63300
29332
42481
57226
56327
50171
25757
79904
16677
92424
39282
24433
67034
72365
79356
4156
70828
4269
72697
27255
74709
33568
44026
84230
10390
21948
63236
39985
92194
77010
14365
58865
62808
43754
24643
33337
54102
77153
64864
63058
49505
85931
69599
6914
49825
40845
98549
4618
79959
5796
14718
46950
64938
6467
24931
84675
49910
85690
77681
68714
65059
15573
3204
40231
22810
97868
45450
58608
90132
67400
52245
25324
17974
94456
26949
12782
73629
26559
98888
49285
11307
33901
19773
69034
12592
35273
98628
35427
53741
1224
73942
17934
32515
55299
7591
89404
19703
23019
76148
89539
43892
97360
77979
39250
14758
75828
96378
58716
70397
24679
90485
45327
13572
32135
92631
57546
73731
47672
51508
86219
2385
73547
11204
55434
68739
73726
82910
48515
55675
35278
73768
84256
83076
4777
22280
81520
51528
42467
6226
94061
78428
60232
28483
44582
30852
46662
76238
19032
45105
44994
14622
88865
36359
36931
39740
40642
37899
816
56281
41036
16503
75561
79088
8801
75715
15810
44717
21477
57655
67577
74467
97390
33727
44884
55132
81038
92469
27877
10085
92972
52987
16912
93669
50667
37967
45165
31940
75889
27293
36392
25123
6012
56450
64662
79990
54685
11245
55166
43308
56234
60361
31521
33457
91239
17267
31575
94752
90362
69535
54677
78496
32882
50625
83530
1954
42120
89051
70579
74136
83036
5013
68572
78483
57326
40055
85101
90694
96253
62302
67120
98096
70180
28397
78515
17048
23765
75575
17535
77506
57700
41846
87955
63012
75140
72742
69030
9304
90306
88182
58772
76440
90215
23574
19449
24054
23210
78834
2723
46714
32398
44441
98439
60946
45839
47639
8357
29366
57611
68374
93906
16679
59904
84523
37000
36895
30940
75834
90581
17579
80810
84875
62656
64458
86045
35214
11712
91980
46221
11758
75481
93914
34607
910
98620
93180
96544
75967
41324
12626
61445
45083
9985
55153
1433
86548
12278
94302
92302
96703
20475
97242
28667
56108
59290
58840
37296
78314
76464
21033
1352
50256
28547
13777
16362
78503
92647
89906
64430
35604
33289
75927
53037
92894
47900
13775
30968
5627
59172
7698
13724
73971
70368
28300
35965
46207
21393
78985
5853
69409
65761
22962
78407
99587
30518
7749
71469
78174
54496
31501
43416
22498
58124
1438
9440
7150
52593
21562
63175
78723
72229
54880
83242
76534
9938
70664
23967
81280
47383
85150
75168
3989
50547
22061
56681
65701
52760
62318
26122
45361
31799
8670
75243
23776
69292
73901
25217
31799
78695
93891
65014
48938
7548
29098
18877
38339
40461
3916
91447
49640
65954
68514
45414
71785
59615
66420
59844
42416
88149
71241
70061
62904
7503
16888
46673
75691
89385
74967
58618
4502
54113
48809
28059
72369
22795
81151
40771
1111
23230
10367
49130
81118
45834
15546
97110
22278
11924
92824
68173
60935
72413
65782
80374
99773
36445
92586
8869
42431
61111
52242
77814
31801
43959
1264
34665
93818
8702
15505
66083
8647
19195
78079
9781
11663
33263
56320
5124
69288
39927
4060
41567
83525
72284
66505
53446
34232
29685
38912
68597
15598
6161
91717
4664
21432
79140
5656
68376
67830
55631
25570
74000
2788
44894
45340
39605
72049
14534
55934
99078
43598
53913
41755
98943
62857
44653
61611
46640
18185
89584
86871
71758
1264
53217
24752
34282
87886
15980
80328
77190
84489
81321
72070
68788
98020
91901
91559
63206
37067
34502
60064
5698
90965
2944
77475
10063
24531
95677
46754
37741
13152
68565
81956
26194
85283
73069
47255
43312
9326
94325
93311
88404
54471
13565
99621
31783
57608
98958
50519
62331
82066
31709
37617
51568
61913
89735
83980
61154
10372
14580
36249
75948
63253
43759
18968
39280
34670
64578
45380
72447
57845
68588
53410
59608
76304
69805
65461
2170
2645
61752
52014
77659
13689
70197
41907
68933
31532
20186
9969
95926
66978
76789
1286
62970
59167
17300
99816
78246
46986
55844
81408
13763
98289
17951
59968
61568
95957
99095
58508
43538
60886
86052
84792
61182
86046
90946
93693
57952
15916
19948
14448
23139
72452
72169
60671
30044
8042
16721
61418
80117
7776
2608
21637
84658
74935
91503
43232
13676
42915
61147
92105
89952
42785
99959
59162
82497
30162
84371
53322
13128
27035
21782
61497
88327
59104
31765
89204
92871
25275
27559
20133
58645
24664
6985
1240
96742
77402
95161
80646
24413
91628
63638
2752
14722
10294
91133
65429
48211
21418
63567
77006
61776
23195
23356
77011
89437
13613
48645
26165
68925
59572
66101
93455
70554
20236
80674
24394
55087
19067
75923
57370
95274
61190
56777
48676
36421
79807
81238
99021
27904
66433
16071
34014
91744
53475
70462
83846
47464
79800
49113
69828
59095
29814
67113
60260
41054
53347
49649
47040
41984
26442
50375
82136
87874
93397
36024
46012
28285
98903
61360
75304
5019
67560
71891
38931
41477
44274
89112
7056
4913
6411
75413
17956
66577
88405
22013
51294
38081
51069
62720
42004
55676
23064
49369
63370
43417
47167
54241
18434
17566
52101
14567
42461
31587
89554
96152
92614
84052
71737
86156
83768
15652
6699
7404
89554
53368
96494
40037
43412
33174
56531
8736
74413
96419
15476
91000
68631
5198
96530
84845
98335
12635
79555
87096
18563
54031
54907
42215
90745
22543
15381
63888
96206
24867
47731
57501
83712
9708
81421
24812
57950
22774
7998
12012
9661
78859
23848
6296
60359
29140
64120
41847
9083
9948
50017
3639
81313
56752
45166
48762
53484
10903
80732
8074
23161
72148
32490
3003
50326
75474
2020
11236
38070
29321
89212
81948
35239
27052
80289
20854
3447
82878
82336
47554
75494
34621
34598
47046
4849
60717
10362
99673
70749
78674
20936
89651
47175
38615
29693
77466
80693
28315
45474
13284
70351
93039
93973
32383
82851
46466
95643
83608
79287
71901
20325
78416
197
47029
11930
80372
51205
7369
96125
89413
62555
53782
13354
5153
26048
72943
30507
25015
42198
59584
91017
926
57827
57478
91300
17186
59970
60372
94187
85443
43476
70389
16805
18548
95205
10174
42801
67298
33433
94470
26869
38945
48941
10051
88441
6863
186
2428
28734
4609
79745
14192
61200
82254
29492
81742
82388
89420
68180
36373
70221
72347
54102
98332
51199
12762
34258
32088
95505
91634
80719
65461
69704
75904
99960
56311
1173
34890
15997
56268
68864
3036
33751
20729
74685
35354
22200
80515
14901
5177
6166
81127
74196
38881
31523
74883
61999
70112
88818
44844
97762
5614
9710
69070
47028
8482
89258
48329
92866
3712
95090
80830
33271
1953
5801
60633
12913
99594
64001
10225
82284
64629
3396
60829
20420
55207
90128
58422
32883
46520
67001
28740
64088
5667
81169
63515
68480
81057
3321
14770
68184
24988
56614
69776
59002
32801
99129
65553
32194
56555
22422
85678
6710
69537
7916
59414
15667
4471
27910
29073
70283
84457
86264
19956
20543
56373
84503
90957
86622
3190
94268
64411
91651
16301
18772
29551
75523
38771
98273
58180
31020
24092
18760
21000
31850
22833
8403
54975
18306
63785
72659
69265
58510
88405
11564
12781
47305
28666
13495
47309
11167
50248
38880
50019
63222
98158
16144
81405
55533
78671
55499
89724
53269
66019
76421
1160
23792
69331
70618
58651
54928
22950
97388
54899
18180
13081
35527
64159
17865
92273
38358
58276
50422
38856
98305
9948
28675
53392
26360
79986
77529
2017
85772
24773
9157
12720
59021
12625
50027
34123
62397
1295
47749
6468
91003
85917
30289
90032
88954
85224
4534
13924
67485
40865
6391
89904
33808
43158
51522
38414
91152
45357
70273
1616
69041
47900
51386
53300
18137
46927
79693
93285
24752
52792
82215
5319
10890
39557
17384
83854
15636
45376
38930
97962
87227
82377
70545
38175
92685
69256
75317
39968
93867
49758
36095
87602
29780
71287
9215
5772
72883
58020
46044
23563
49370
9598
97197
65579
53559
20296
84513
53223
1031
70849
99467
68788
56419
78513
83407
79973
8265
12503
36199
38989
26396
28736
5643
16676
12422
35253
27176
91566
36391
63940
75420
67592
13222
82558
10760
2399
56490
48029
43467
67912
4570
59408
37608
96690
55592
37140
54403
67239
28610
50731
91650
8014
7179
63798
63754
72465
56643
94398
71788
65456
24919
69327
80574
86017
89879
96431
7521
68010
90057
63577
27605
51326
42426
50672
98413
18967
60420
19241
81643
41510
90933
46134
89433
56391
69246
71942
4417
75419
9054
42191
47284
7501
90733
52015
91528
16047
30468
86738
94067
33246
75047
88592
22390
37913
72788
73419
527
41520
74423
58349
83153
14775
88630
30302
39802
45291
17642
5795
47323
57517
96776
13332
44930
43714
27170
63716
50220
95328
69272
41712
14241
23614
26750
74708
58796
13785
21168
28111
53028
1404
55425
4804
54860
61072
14519
64024
47192
61873
44921
18417
65238
11436
8529
70277
82274
59512
27942
7641
27179
27144
92632
30381
50077
27483
52060
18755
36929
35165
44541
48099
56183
31326
8200
33742
20694
94595
64194
63607
22554
78843
26588
7278
73204
77939
77142
64168
68716
53592
36776
24519
40767
14120
10082
83732
6073
91043
11589
42354
57557
93366
78408
79975
49809
74102
87152
84732
51391
17206
95787
97100
50765
27190
65394
60300
790
48781
73170
79908
16555
1552
87477
42530
63500
77967
98655
17892
9066
92068
3183
35244
13470
91970
20948
55161
98626
95431
87626
73762
70486
36142
35297
11476
57311
20499
89137
86312
76726
45902
75938
5164
4517
31583
78160
72582
96989
80698
1282
21671
17923
92662
7807
90759
58006
44921
3028
63240
44956
74642
72294
86898
11423
20744
90085
75052
43464
6085
99633
7593
98326
91216
47103
60960
67142
56905
42306
1744
58198
45053
3117
38651
11371
97283
63192
13910
31562
31318
42079
38888
14346
65176
22970
42273
1820
96804
83018
67587
22931
7644
96599
59551
13415
40400
34237
35591
11770
64132
24598
23873
82727
57227
33032
29745
98967
99198
69041
81925
88881
10206
79577
28658
62798
19903
40148
45075
74643
66444
21612
42154
41485
22351
2698
15459
9261
42379
82222
7632
85664
47105
11439
58417
59183
38003
48004
56367
89035
10551
21041
67967
43745
31270
15930
64110
44378
63551
51447
8925
15208
57280
42499
25202
47301
10124
63915
96444
58690
84524
86139
46960
64375
17351
72164
16878
27752
61977
93453
96053
34660
8807
74649
82299
29566
87402
73759
97987
67121
23552
67315
99231
53428
61671
34878
19166
63596
9834
90762
84541
99578
61097
65227
14897
28726
10096
28795
65667
64406
31110
4108
71880
62031
81949
82425
26637
96306
39919
29125
50647
62906
44438
42694
23516
55688
13877
55177
83226
28088
42105
77135
96174
85122
92536
45545
31741
41057
76386
99111
52325
96243
77463
70578
24475
7418
78001
71998
48786
15664
40117
61425
49361
63284
2401
1879
53184
6878
31988
7345
7947
5814
98906
40447
29937
93647
14419
13416
690
45389
2815
82847
88141
28689
58218
26376
38931
43458
35869
19777
94616
65493
4110
48305
33012
12112
881
44806
13044
29469
99513
73704
10601
96779
39263
88436
64616
18988
52012
10899
74810
42107
76137
76787
53986
39830
83584
54667
54379
36805
56044
79572
67536
28207
96353
48928
69675
6485
76329
16737
65310
66870
64053
55905
49191
76100
38635
81186
46458
92711
3403
7239
26709
50069
73710
52443
84725
22447
48338
48947
3294
26970
25419
16380
4137
19603
32953
39928
97560
49679
97302
11194
74861
21036
93541
51240
23075
20669
5313
43476
28172
45599
63460
90158
28361
82439
27767
20291
35471
58485
20388
46301
25921
66305
53392
66004
55713
57180
33547
82512
8758
92614
38901
47168
11385
26779
19885
87740
37839
29935
96824
34221
13211
79066
513
55268
5489
4526
83205
38664
28489
95643
44804
90842
72892
54010
76914
3177
43346
73687
15116
38049
31524
14743
40776
57935
84297
85509
73247
88262
72562
11135
63183
98868
95230
11859
23479
81194
87797
20529
53498
41246
17976
15726
32331
7470
33572
42566
29539
24418
37260
49788
91158
61237
97861
78742
87905
16406
50787
86820
73750
5009
28630
36907
55953
63047
23198
12332
48223
26016
79164
64988
60170
10274
61286
52276
86512
99888
84814
3442
548
12139
93646
3693
67749
17481
68233
25750
64428
25306
66343
47087
16650
18783
76831
88628
28774
4224
95371
50920
21725
1363
30109
82506
1231
38322
46339
3051
39361
44606
22067
39763
92047
15212
56304
55937
77174
80579
18332
14937
41371
74887
76783
38685
79502
1817
55883
18706
77246
87667
43993
19721
47648
95695
46572
37993
63653
19481
72048
85464
11260
41751
24601
11060
33469
34591
10469
42238
35205
31669
61317
46495
73711
85318
14536
9865
95828
69400
99380
67708
51407
12810
32517
59691
60029
28898
86228
15098
34187
86967
2834
95397
37371
20949
97508
50448
16119
52701
46875
21616
70333
10574
49052
22515
65374
81842
44499
73950
39156
69010
59508
29905
16985
85892
12140
70981
5376
11711
24742
54054
26861
85383
58187
71944
28902
37952
30118
42370
94004
79683
1313
67054
40653
41589
59379
7865
38662
14911
56123
58526
60597
69447
29606
2015
46350
72945
70551
41118
3785
58989
52889
87271
95160
32363
18817
68756
90879
5643
5011
6532
17190
5873
56353
45139
43446
76331
54085
8398
66613
28931
9675
24359
63573
39260
24607
2517
63640
37762
63742
17155
29109
80243
92787
93660
5589
71806
32563
44580
18588
47106
30180
7188
73249
59537
84734
77199
74105
20250
23359
42805
80973
37276
16247
76922
4751
62474
17416
76313
14248
91705
10288
36095
41484
15046
68082
9579
18038
8708
24172
50956
73491
69047
27722
64034
7816
26614
30779
16830
75959
11316
74375
9462
1299
30744
71168
19140
74631
23381
50309
43217
80198
90717
98161
40670
5055
19052
3415
20711
40278
52041
24649
36041
24765
20791
14353
40764
99053
99195
33921
64153
46901
36422
1319
90002
53565
92109
57669
91734
14557
64764
91077
76118
16794
80656
27294
96062
68487
36579
38739
11197
71691
8707
18777
41598
44817
92904
88549
86078
79666
30901
94575
58069
64910
82689
67023
98308
60549
29847
70184
36617
77401
89939
2156
19794
48478
481
16888
96911
83320
93984
52421
22181
22920
74867
16058
26315
97939
17326
47051
4700
41968
98550
24910
4739
50855
97099
23132
93068
28432
43649
59937
65664
61974
18945
96540
78564
41437
30498
5194
83377
7553
55331
87443
17576
57277
65214
91349
62407
50414
73142
70017
90411
82328
28080
75246
63198
49840
73214
49693
63471
66692
27667
60866
5936
57736
19958
23782
12090
95073
69872
64149
97984
92782
729
73582
6196
45071
7817
22001
22196
7977
18529
18646
86587
21923
27738
36723
45327
25819
69517
45060
58722
75859
31475
41142
383
32830
9991
37934
86755
39943
34572
80783
71480
81996
39514
4318
85432
93264
75546
52953
60211
73725
51026
21069
45619
28325
68691
98470
94196
83709
86557
67709
38919
2759
6616
21923
10987
84586
61564
68645
84247
88192
42560
26774
36704
17203
88704
60271
54400
64634
19009
42864
16208
87806
27089
24410
82902
84672
141
92805
42470
69420
60452
96675
514
63963
43500
56118
48005
21109
61944
30747
8079
24756
69660
19351
23217
97061
79296
33108
96075
20655
78921
81089
47088
91123
23220
74031
82194
37558
79579
48070
69383
55980
16227
97663
43423
46165
42590
85783
91943
83349
69523
8135
67917
22492
71587
86012
19384
68274
74177
9160
53303
9922
24454
84301
70509
53869
2562
86309
82549
92344
71644
59958
86232
64024
10864
98852
42616
26812
89005
46948
58036
62447
99170
9800
8128
86693
74199
76442
15152
35145
34369
35516
110
21667
80225
47071
70828
77548
25158
17194
89401
16133
40522
41196
91328
13634
3464
77080
63217
67979
78221
13678
19257
82603
86600
56965
83335
44113
14459
13396
67247
42548
4257
90323
84721
85514
30356
22878
79215
20775
6198
27690
2040
96276
6747
28016
51262
28980
9225
21361
18793
53175
94810
14004
2357
7866
97496
96233
72754
96019
44309
2818
40811
60783
27693
20142
20860
98579
54235
32510
13075
31765
99597
88536
50276
70843
5904
65532
5384
6371
12131
72478
78488
84668
86536
95242
55770
86244
34472
47905
90243
3838
38507
60405
3942
38221
71117
72177
10562
54517
21017
56771
86408
27254
96764
11162
88501
45022
10952
97112
82078
78285
48528
96498
80195
50573
95502
69289
74756
74533
52363
2451
75857
1649
72349
23377
82919
43389
48625
54618
50204
32769
46257
30380
42006
55238
20871
40539
50597
54902
4624
48163
10419
57220
19288
5495
69924
56484
79712
68981
21242
14754
54568
92752
13406
69787
124
33921
57724
54829
6246
13781
58180
71665
93366
93096
91446
25105
27555
52839
34482
7628
42088
62592
1956
62848
98266
56631
47547
32901
40237
114
12468
13796
83530
46236
47883
71502
92468
59128
90343
38163
92372
66318
72048
9731
72318
64872
26455
93344
14848
76960
26457
53330
67822
53708
11407
49437
47302
25589
76678
14484
42784
52595
45405
62130
22601
73534
17685
23772
41781
56681
80572
66619
4882
30629
8208
65643
72541
90753
87765
91773
88338
19575
86950
14202
59927
74141
65108
93741
24911
24645
694
56063
43053
87671
91814
93979
67949
69788
22128
60547
86087
50249
12736
81759
58282
26591
29958
80026
93868
66932
99239
65614
96301
38130
73571
63856
26769
72656
26286
31667
83250
31537
17513
70835
48386
91959
65280
44299
12763
25309
6934
52749
63403
76997
90068
50491
51945
69955
94056
62353
26344
40581
85299
75073
78705
56003
33097
65915
1051
92811
18108
96698
4125
18022
53358
46257
66679
68537
55479
90702
15773
73928
98577
63838
58397
21721
25812
31633
42319
27402
38189
83087
30443
77452
91445
59421
77987
18216
97861
23880
10174
85337
70660
37861
57833
17896
2640
22785
65723
97183
45340
85896
69943
16686
34138
52582
12766
84385
96580
9889
54567
33991
20516
31269
86556
75866
71059
78387
42924
75522
70047
62268
6101
7938
90002
48720
11215
90938
94406
53678
46846
21625
83607
31957
74127
99056
89294
13775
26108
85090
76508
29047
64613
22791
43955
85106
19381
30236
90183
60552
80587
38540
15164
22665
56766
2670
88268
91865
80018
63051
80958
58247
24540
56332
83414
37954
13421
28952
89664
91025
41014
56161
87520
67074
25301
71594
24725
17144
42397
57476
81212
51300
92465
17444
9660
33091
67201
46208
29198
82529
15883
3623
79201
36778
60891
67331
25825
15087
57889
23811
67148
42798
12596
23321
38038
5187
26651
59541
35305
12855
18511
33763
69026
39884
94944
45942
65019
46432
89381
1301
79763
43037
39532
69802
28168
58188
57723
26821
85051
41021
37263
1121
17881
40044
12047
18013
26063
56660
89987
34931
34558
36958
29625
97265
46466
39342
47893
74160
10984
77115
85343
7251
69050
52790
90208
67878
57691
91026
18733
91760
97218
37516
68327
61865
69453
95693
68102
93966
82536
20836
51697
11270
55065
47964
54807
55950
60122
85522
78996
44450
1403
35032
9543
72027
21510
37493
49600
94729
22076
36130
7150
10780
2183
38912
85482
33868
6713
74362
59577
2715
91041
49425
42315
60016
29598
31002
60366
41505
26077
55978
60711
56387
74912
57520
16633
60058
81065
33161
4797
4658
68431
91496
28046
57166
37208
92570
34809
29061
80186
73582
13136
94842
890
73191
27138
92343
58683
48054
25426
61982
136
94839
38909
24749
36780
34154
35551
36739
87079
92586
71541
57892
22099
32608
79578
46094
96842
91290
42563
41824
60537
37668
27701
92231
50506
96071
43116
6584
51143
46599
94946
83282
34567
37305
88812
26895
88995
57895
35103
84046
82483
70172
65075
52464
29139
44578
27285
75893
5025
70728
34749
89366
38358
3484
90193
69561
39726
60728
35883
70819
22133
62218
54748
53125
97285
75858
97003
57508
35522
38540
24064
74959
94915
26276
22476
63419
73579
96382
59640
36755
50999
57228
21378
59409
85951
98986
46657
51503
34493
44206
29436
52653
21907
68830
39498
93445
6669
22317
83076
76679
60821
81425
25381
43586
26156
72230
31223
40505
22283
32892
43158
75318
36058
59122
85403
95794
3011
631
68784
84516
91361
85665
38039
15199
26714
31012
90346
65433
16111
25834
77278
92095
40805
66209
53785
295
68297
8029
79259
94514
56044
55696
15456
25640
81909
89332
90097
46425
5140
98762
76686
58784
97497
35379
97424
41219
71531
38008
41500
24783
69101
76410
68133
47349
10171
31719
9030
10882
84217
66692
61390
62135
35539
77955
36167
4373
63614
87622
47710
68985
61199
90347
92273
66248
48529
70998
57067
97754
64681
24948
71943
4505
45263
97362
72832
7812
99385
88158
69597
18547
91184
60241
63211
81216
28807
51705
62600
26260
34665
76817
56756
40743
22502
74091
14572
36810
88653
22618
95065
55956
26085
33436
41729
26387
19237
98284
3211
6649
20394
42072
90415
12462
6547
84340
59288
64281
77310
82240
56701
69525
67487
57175
44397
37264
21013
18272
5145
9237
87316
34552
99321
93132
53968
56771
65828
65532
75137
42255
70968
73661
73877
93449
61494
14651
22419
20216
58166
85129
20060
59435
75718
84837
50586
37171
9236
40783
27929
72585
25893
43280
40183
92372
79983
7657
37217
88206
46854
25872
6306
92678
30764
64486
22300
94784
98040
93350
38306
97237
97247
23491
80006
29254
48371
18843
73097
1042
44244
98416
7655
77571
95694
31855
9155
66429
2660
16793
88849
59134
85600
18670
59426
45434
73287
25858
53315
64322
58302
96750
43363
30837
88111
67622
7239
45612
85534
8682
46070
45927
34759
69643
94068
67635
9436
67371
31506
48615
10916
98583
38493
25052
18380
3186
69872
69027
55794
11139
37995
29039
61860
23957
80462
89314
26145
96699
58254
28923
60508
70933
47051
54726
69605
3327
80931
81374
71199
34526
31691
30484
36439
73232
80629
55529
46025
25783
12187
25058
23085
13278
43445
98097
50160
88685
40179
88437
27081
50079
94100
28186
64871
96269
10829
99919
310
63893
65055
36352
49321
23235
13574
85064
35150
89614
17341
66519
24491
87804
24149
32016
72326
79422
36695
8388
91407
63164
73736
52704
95275
77326
31903
86894
39024
87679
26545
1354
18728
10699
34038
43820
74820
32467
9871
60152
38633
70654
62947
99936
93773
95302
55241
53138
51267
98713
50729
21474
95911
7412
29467
16509
95988
2949
33437
53697
83840
58838
74484
28614
57020
77539
43248
42625
41109
52916
48340
53026
97931
90354
2812
76779
33889
3205
1497
69916
32013
31220
15313
42862
36607
56849
59171
72494
62914
45621
8988
63657
52799
8267
82183
54839
16904
98873
74743
96334
1641
19615
72164
57334
83889
47670
194
30512
8616
39364
76774
73351
37376
72943
35318
14942
43112
70615
96325
11725
25277
38324
68790
26287
87631
14217
73421
35177
65654
87007
663
79890
77619
95604
56934
51174
97455
85784
75358
44505
96309
77315
92439
3473
16042
99641
36996
16449
95158
35474
78385
59633
77996
80426
43178
10650
25055
50416
71390
17071
63693
60326
55360
83345
91842
87104
26005
37581
36882
16740
45429
80800
44845
59438
78467
87553
80044
12594
73980
63928
99757
45413
99593
90869
26534
71983
88555
21394
68410
92079
20595
96704
28475
22851
33194
38666
70829
33704
35482
2607
95234
66342
12416
34027
66206
60833
72895
37483
81532
26641
50770
54359
64365
99259
53036
27513
66356
50285
16145
65680
65680
23974
25250
83223
93200
76736
9460
40360
78516
80922
22844
3397
11857
82018
672
45430
88284
88810
73150
16217
3090
43889
8927
32736
90116
12265
18037
27327
22834
56940
54287
89925
66469
30983
80563
21218
48466
17721
58996
94803
18575
19852
89027
83655
80571
38620
13980
69144
35557
33191
89149
57731
4592
77413
86862
69790
87021
17182
28699
9640
5601
6205
20344
65396
52613
84268
48539
65585
33889
26566
31015
39986
94457
53334
6786
81257
88080
74162
98645
69812
41012
60395
29648
82290
69845
52643
10732
90421
16070
7249
32837
59135
56540
93257
57356
38482
33536
40575
22288
29165
81238
9667
11086
62649
28466
48866
36750
57944
85585
26702
82140
99877
60337
51547
12462
90181
38365
66665
33888
54120
85342
73281
32298
75631
28606
57262
37761
13564
81602
69734
17299
14631
6802
91869
27107
36931
36085
99282
38930
34433
37067
70685
92302
89109
35040
8543
80186
87868
56286
47759
70575
79526
82612
42238
8627
26623
59328
754
56917
16931
5169
1563
4448
46032
59040
77893
19837
83852
18874
61075
24440
62953
26431
13500
71859
23232
77832
80605
92355
56026
11098
12135
43446
63623
33798
56558
36956
76002
76511
38402
95684
63039
7792
58159
52524
65227
43522
19542
64146
61497
34918
37572
34508
71755
23259
83122
88899
63642
7869
75060
80406
30942
44024
91985
18426
59277
45887
64770
21526
14904
63425
17654
49220
18415
63937
54366
72044
75340
70912
13254
94787
65401
9523
90826
2623
3621
23592
46988
11763
18512
34416
81165
49910
36826
63942
55028
46297
9925
68650
78853
62866
1323
17168
96700
28994
98493
75781
50485
2210
22694
73364
97258
85353
71331
83527
54125
81919
52887
68213
78612
1754
43087
66879
72372
3054
44525
92968
33351
1788
87314
53960
52504
9718
76102
22510
69792
34540
69412
93387
17329
56117
17806
5289
56099
20460
17752
82893
62264
9139
20539
65203
24121
50332
99618
34749
67930
9721
17541
69322
71444
27813
79082
29103
23209
38890
26160
80963
36254
48570
92512
47026
34263
54543
19155
50339
52305
54288
83219
78452
78283
95548
59289
86506
31974
87242
63283
59913
98228
32482
23331
74818
28248
51862
18260
11272
60525
81963
146
99078
21657
88805
8780
36225
74588
49047
88045
74376
90488
71496
96076
93597
49745
33981
59118
18959
77584
39790
65930
68357
42673
48266
15595
12403
66971
13040
91250
62100
71522
15775
6113
22949
93041
2512
70544
87955
47371
82576
49263
59522
99343
94191
85933
21579
34072
34106
49575
16047
14327
86856
98098
24266
90769
37751
58503
48933
54376
12068
95061
91166
23703
6399
87646
27843
83882
27336
27999
59680
79933
67062
47745
96559
17928
87766
94719
7705
16401
777
90602
48017
82153
27299
2643
76363
27587
82805
58785
30450
37292
78807
44492
29609
17915
64501
74925
39632
37679
11873
9092
56638
90402
3289
61820
73483
78487
65548
43986
30170
3196
48188
67605
66110
17606
24851
96527
38766
65625
18442
68928
76462
67039
78846
60125
96532
79094
16054
43148
11618
57082
57012
20259
66881
23767
57140
99999
17710
96031
9900
2398
5739
92094
90164
18231
35325
54084
104
9808
21150
78892
14766
31259
85295
61543
39564
53352
76643
49694
69209
76222
68334
80035
22316
87856
43663
74118
37690
37052
79410
29826
67943
23955
89460
51976
17678
61964
65371
80585
6664
61651
28007
9197
57205
48716
43419
19377
61762
76187
85535
9370
21584
49676
55021
21959
75428
94753
97645
31590
36630
77292
16860
85462
77932
76327
37391
69880
39637
61507
79794
96340
9761
2212
24387
14866
85754
16042
7103
20741
16746
45253
85950
39843
6016
56940
5982
54989
38446
67563
88212
88875
45445
67321
91047
65688
88688
18848
8562
22155
47873
53831
83151
98094
9576
99016
77354
